hidden
i M o

observables
A C E D G F I H K M L N Q P S R T W V Y

pi
0.08164632526061699 0.33900521763377117 0.5793484571056119

transitions
0.35296079331813834 0.6470392066818617 0.0
0.4147207262421289 0.44654859021696247 0.13873068354090862
0.0 0.9329624793948863 0.06703752060511368

emissions
0.09318342826834532 0.09198695525717536 0.010447808059918486 0.08437893094967669 0.011231350615272915 0.013933356501189894 0.06165932494799691 0.06617602724695545 0.08873980702466164 0.04884264419980894 0.014889942090015188 0.0752378295328515 0.020040867274156122 0.0169999111015755 0.005700973301646734 0.05433274838409336 0.05930796744260141 0.08519524837649008 0.02696418396071965 0.07075069546484888
0.08116944845652006 0.0056713942643886964 0.06586572072011139 0.09220123484290263 0.04246683538379205 0.07813568100628283 0.014129065529752056 0.033891991391135065 0.03263496741392112 0.04019238154242595 0.01146816395217241 0.013402151496924686 0.10496031707170601 0.03180203852394394 0.09452445606571343 0.0951942123017165 0.023672770250846558 0.07499432967389098 0.034812798713426706 0.02881004139842693
0.08245298261534272 0.07293388534120689 0.05276440395851687 0.07119298434001665 0.05065405985102017 0.035514928113819885 0.031360268501471444 0.04255354647970507 0.04739796225501562 0.07160057696945304 0.025312199928402144 0.042827265156216786 0.0185435516514805 0.0332826955873409 0.02294126053456097 0.05999583509758646 0.06432867454081032 0.05840138337563468 0.05124688317781318 0.06469465252458584
